{
  "camera_angle_x": 0.8876985647464387,
  "camera_angle_y": 0.7837803291975034,
  "fl_x": 1745.5622124341915,
  "fl_y": 1742.2185623395615,
  "k1": 0.007240928159839295,
  "k2": -0.003568796013981169,
  "k3": 0,
  "k4": 0,
  "p1": 0.000515847024598619,
  "p2": -0.0005376455110684152,
  "is_fisheye": false,
  "cx": 828.3798661354068,
  "cy": 724.9229077931101,
  "w": 1660.0,
  "h": 1440.0,
  "aabb_scale": 16,
  "frames": [
    {
      "file_path": "./images/0016.png",
      "sharpness": 34.918818983223005,
      "transform_matrix": [
        [
          -0.7529779785919063,
          0.08660645599131225,
          0.6523216120131221,
          4.086230189793837
        ],
        [
          0.6546802500962356,
          -0.0015350427390903336,
          0.7559043681429729,
          0.663060907396825
        ],
        [
          0.06646753994728757,
          0.9962414192290181,
          -0.05554368288960855,
          -0.23792122801486115
        ],
        [
          0.0,
          0.0,
          0.0,
          1.0
        ]
      ]
    },
    {
      "file_path": "./images/0017.png",
      "sharpness": 36.36588749406862,
      "transform_matrix": [
        [
          0.7178297733463663,
          0.017484779303367736,
          -0.695999065339418,
          -1.7068255579546514
        ],
        [
          -0.6921627224027433,
          -0.08982746688756622,
          -0.7161297311999364,
          -1.64400292931064
        ],
        [
          -0.07504120329816463,
          0.9958038504889413,
          -0.05237851775294968,
          -0.12201603338723492
        ],
        [
          0.0,
          0.0,
          0.0,
          1.0
        ]
      ]
    },
    {
      "file_path": "./images/0014.png",
      "sharpness": 76.05077554752697,
      "transform_matrix": [
        [
          0.03374643398393924,
          0.14647494339884456,
          0.9886385937807606,
          4.461273321449279
        ],
        [
          0.998277782230667,
          -0.05243493213836181,
          -0.02630679372659579,
          -0.06709759560916095
        ],
        [
          0.04798591145215144,
          0.9878237033049265,
          -0.1479921736244207,
          -0.681154228078243
        ],
        [
          0.0,
          0.0,
          0.0,
          1.0
        ]
      ]
    },
    {
      "file_path": "./images/0013.png",
      "sharpness": 77.15190299657307,
      "transform_matrix": [
        [
          0.282813112179182,
          0.14359086876705796,
          0.9483661771432879,
          4.270527756854813
        ],
        [
          0.9587721064095843,
          -0.07097576755286471,
          -0.27516992639297994,
          -1.2116086641324884
        ],
        [
          0.027799128554585502,
          0.9870887005685899,
          -0.1577437974199063,
          -0.7274374753410381
        ],
        [
          0.0,
          0.0,
          0.0,
          1.0
        ]
      ]
    },
    {
      "file_path": "./images/0015.png",
      "sharpness": 39.14491775418203,
      "transform_matrix": [
        [
          -0.2797226830582631,
          0.14323651671012383,
          0.9493358314245616,
          2.5227341647560553
        ],
        [
          0.957387762444082,
          -0.032395057510948046,
          0.2869829830688287,
          0.8379362313693908
        ],
        [
          0.07186023170606187,
          0.98915815747163,
          -0.1280712558286008,
          -0.3458469488180824
        ],
        [
          0.0,
          0.0,
          0.0,
          1.0
        ]
      ]
    },
    {
      "file_path": "./images/0007.png",
      "sharpness": 36.85130561716813,
      "transform_matrix": [
        [
          -0.6659251283870533,
          0.1132844509345375,
          0.7373671789022574,
          2.661996276061713
        ],
        [
          0.7421635496643431,
          0.000247437739921844,
          0.6702187734792978,
          2.517398230061844
        ],
        [
          0.07574291329138136,
          0.9935625656766969,
          -0.08424036523607778,
          -0.3095855459338695
        ],
        [
          0.0,
          0.0,
          0.0,
          1.0
        ]
      ]
    },
    {
      "file_path": "./images/0008.png",
      "sharpness": 36.958455067091556,
      "transform_matrix": [
        [
          -0.8348745503397234,
          0.0998558213716475,
          0.5413070294171001,
          2.232718260646608
        ],
        [
          0.5450255700813783,
          0.012368181579411212,
          0.8383281911291033,
          3.5931648629990285
        ],
        [
          0.07701696647416183,
          0.9949250439031362,
          -0.06474985600365751,
          -0.27601369454636926
        ],
        [
          0.0,
          0.0,
          0.0,
          1.0
        ]
      ]
    },
    {
      "file_path": "./images/0001.png",
      "sharpness": 111.92524887576562,
      "transform_matrix": [
        [
          0.14924173158399456,
          0.1522588172541081,
          0.9770077574335414,
          3.7472940930203396
        ],
        [
          0.9882147655110909,
          -0.05697857508281759,
          -0.14207399201577448,
          -0.5049913091509101
        ],
        [
          0.03403649187653085,
          0.9866968604961889,
          -0.15896799259831293,
          -0.6199892338032864
        ],
        [
          0.0,
          0.0,
          0.0,
          1.0
        ]
      ]
    },
    {
      "file_path": "./images/0003.png",
      "sharpness": 54.70114039107935,
      "transform_matrix": [
        [
          0.09604934475337426,
          0.15041232453459438,
          0.9839464700702342,
          3.6574227030276956
        ],
        [
          0.9946710581691884,
          -0.05171570600865801,
          -0.08919064857102674,
          -0.2883630070167339
        ],
        [
          0.03747011359609282,
          0.9872697799199729,
          -0.1545780456821022,
          -0.5832828438832995
        ],
        [
          0.0,
          0.0,
          0.0,
          1.0
        ]
      ]
    },
    {
      "file_path": "./images/0012.png",
      "sharpness": 98.16002718598189,
      "transform_matrix": [
        [
          -0.7093195550409416,
          0.017327993462836738,
          -0.7046740448194462,
          -3.2995644519241645
        ],
        [
          -0.7047280310183969,
          0.003801330694516893,
          0.709467372175628,
          3.324965433850559
        ],
        [
          0.014972345063356804,
          0.9998426328630612,
          0.009515164517766362,
          0.041763199806361895
        ],
        [
          0.0,
          0.0,
          0.0,
          1.0
        ]
      ]
    },
    {
      "file_path": "./images/0004.png",
      "sharpness": 50.12323493143826,
      "transform_matrix": [
        [
          0.0296012721483906,
          0.14042684095718508,
          0.9896484562657133,
          3.5922078324215345
        ],
        [
          0.9986994796229309,
          -0.045271788432132344,
          -0.02344812514787385,
          -0.037658684036304096
        ],
        [
          0.04151040939336309,
          0.9890554926160765,
          -0.14158431551905679,
          -0.5228692016075502
        ],
        [
          0.0,
          0.0,
          0.0,
          1.0
        ]
      ]
    },
    {
      "file_path": "./images/0010.png",
      "sharpness": 70.73548317290077,
      "transform_matrix": [
        [
          -0.9889184705020773,
          0.05456291788979423,
          -0.1380693545081973,
          -0.683258260957397
        ],
        [
          -0.13701359912279326,
          0.022656206437081276,
          0.9903100372939809,
          4.583000188159046
        ],
        [
          0.05716233304868294,
          0.9982532665933478,
          -0.014929279258415576,
          -0.07186048190388349
        ],
        [
          0.0,
          0.0,
          0.0,
          1.0
        ]
      ]
    },
    {
      "file_path": "./images/0006.png",
      "sharpness": 49.018523248236136,
      "transform_matrix": [
        [
          -0.35552765241795553,
          0.12539268698063574,
          0.9262163690958395,
          3.167436719056583
        ],
        [
          0.9324744146699965,
          -0.020232863265400535,
          0.3606689579515243,
          1.3032568193429224
        ],
        [
          0.06396525889813949,
          0.9919008545509481,
          -0.10973213001772515,
          -0.38038093636778253
        ],
        [
          0.0,
          0.0,
          0.0,
          1.0
        ]
      ]
    },
    {
      "file_path": "./images/0005.png",
      "sharpness": 41.6951886487968,
      "transform_matrix": [
        [
          -0.07678790236066178,
          0.12975595715338617,
          0.9885681613310155,
          3.441626465212654
        ],
        [
          0.9958615945325685,
          -0.03836180728504735,
          0.08238966122507164,
          0.3402216011000587
        ],
        [
          0.04861381064491642,
          0.9908035947089135,
          -0.1262732516786881,
          -0.4464183808084411
        ],
        [
          0.0,
          0.0,
          0.0,
          1.0
        ]
      ]
    },
    {
      "file_path": "./images/0009.png",
      "sharpness": 60.5393800173894,
      "transform_matrix": [
        [
          -0.9701397734359887,
          0.0796653166913265,
          0.22909006368056659,
          0.9818999805072128
        ],
        [
          0.23143833841984715,
          0.02148652318883363,
          0.9726122684968677,
          4.444719741122871
        ],
        [
          0.07256111542206867,
          0.9965900694873416,
          -0.039282539263073735,
          -0.18119744536616783
        ],
        [
          0.0,
          0.0,
          0.0,
          1.0
        ]
      ]
    },
    {
      "file_path": "./images/0018.png",
      "sharpness": 33.6862027253423,
      "transform_matrix": [
        [
          0.8657239101089699,
          0.029287685982086163,
          -0.4996642301371761,
          -1.2940176186593895
        ],
        [
          -0.49497997291168533,
          -0.098046692342403,
          -0.8633548937354604,
          -2.091088912014478
        ],
        [
          -0.07427609206558496,
          0.9947507615146152,
          -0.0703845478538574,
          -0.1721797339642664
        ],
        [
          0.0,
          0.0,
          0.0,
          1.0
        ]
      ]
    },
    {
      "file_path": "./images/0019.png",
      "sharpness": 28.263453393035682,
      "transform_matrix": [
        [
          0.9539453459251329,
          0.046765333769868724,
          -0.29631280854579645,
          -1.0269367328443928
        ],
        [
          -0.2900563785257234,
          -0.10817515453394008,
          -0.9508761397879366,
          -3.0617372075151543
        ],
        [
          -0.07652172390581467,
          0.993031288259538,
          -0.08962860185854933,
          -0.2914940332439722
        ],
        [
          0.0,
          0.0,
          0.0,
          1.0
        ]
      ]
    },
    {
      "file_path": "./images/0020.png",
      "sharpness": 33.18273929012499,
      "transform_matrix": [
        [
          0.9536275339140212,
          0.04457996260271955,
          -0.29766953733717666,
          -1.0924448607189132
        ],
        [
          -0.29155536636515667,
          -0.10884587542530712,
          -0.9503410144503314,
          -3.240762494975022
        ],
        [
          -0.0747662682629375,
          0.9930585090017064,
          -0.09080089642936755,
          -0.31450991698414515
        ],
        [
          0.0,
          0.0,
          0.0,
          1.0
        ]
      ]
    },
    {
      "file_path": "./images/0011.png",
      "sharpness": 99.9120490197039,
      "transform_matrix": [
        [
          -0.8850974428401417,
          0.0333000948961263,
          -0.46421290408699034,
          -2.1862693154434774
        ],
        [
          -0.4639467671305388,
          0.015786066899507428,
          0.8857224155235504,
          4.124570162312509
        ],
        [
          0.03682273644809236,
          0.9993207211575263,
          0.0014772639269405583,
          0.0036599637152958816
        ],
        [
          0.0,
          0.0,
          0.0,
          1.0
        ]
      ]
    },
    {
      "file_path": "./images/0022.png",
      "sharpness": 50.230393967634825,
      "transform_matrix": [
        [
          0.9539114097063884,
          0.04615870054884219,
          -0.29651711039793194,
          -1.1023744325534859
        ],
        [
          -0.29018523437866767,
          -0.10986125788692715,
          -0.9506434840485717,
          -3.29977190354811
        ],
        [
          -0.07645621064221977,
          0.992874553175075,
          -0.09140333404565526,
          -0.3224732240575173
        ],
        [
          0.0,
          0.0,
          0.0,
          1.0
        ]
      ]
    },
    {
      "file_path": "./images/0024.png",
      "sharpness": 28.55584504613725,
      "transform_matrix": [
        [
          0.9973484385303468,
          0.06535065688920122,
          0.03202161408104294,
          0.07491692143546132
        ],
        [
          0.038060121931632704,
          -0.09335377496040315,
          -0.99490527178174,
          -4.22971180346912
        ],
        [
          -0.06202837449867549,
          0.9934859658335018,
          -0.0955934956571868,
          -0.41353649399888187
        ],
        [
          0.0,
          0.0,
          0.0,
          1.0
        ]
      ]
    },
    {
      "file_path": "./images/0025.png",
      "sharpness": 30.30103874096603,
      "transform_matrix": [
        [
          0.9348082143875283,
          0.08059147722062814,
          0.3458881554435261,
          1.504825121259095
        ],
        [
          0.3524317579492456,
          -0.09017237471042565,
          -0.9314831178436859,
          -4.171647123811429
        ],
        [
          -0.0438800441125476,
          0.9926600408003674,
          -0.11269687258272873,
          -0.5137208077075328
        ],
        [
          0.0,
          0.0,
          0.0,
          1.0
        ]
      ]
    },
    {
      "file_path": "./images/0026.png",
      "sharpness": 34.82706618117785,
      "transform_matrix": [
        [
          0.7539613559513805,
          0.09601582524762026,
          0.649864012695811,
          2.9223845634186274
        ],
        [
          0.656615657024314,
          -0.08010022610775087,
          -0.7499598874126022,
          -3.3914822417341943
        ],
        [
          -0.0199537631363087,
          0.9921516592954671,
          -0.12343796926790997,
          -0.5673283364995301
        ],
        [
          0.0,
          0.0,
          0.0,
          1.0
        ]
      ]
    },
    {
      "file_path": "./images/0030.png",
      "sharpness": 40.129664390744985,
      "transform_matrix": [
        [
          -0.5625373211928151,
          0.10461439540112472,
          0.8201265698068778,
          2.861847306962931
        ],
        [
          0.8235772821758012,
          -0.016212870880771002,
          0.5669723124647543,
          2.064875719308158
        ],
        [
          0.0726100718598464,
          0.9943806972461298,
          -0.07703769448680911,
          -0.27220627452647955
        ],
        [
          0.0,
          0.0,
          0.0,
          1.0
        ]
      ]
    },
    {
      "file_path": "./images/0027.png",
      "sharpness": 42.9338219367871,
      "transform_matrix": [
        [
          0.4910363434058054,
          0.10699391115051336,
          0.8645435861739412,
          3.9141027973099827
        ],
        [
          0.8711175093791497,
          -0.06729303711211009,
          -0.48644211578481,
          -2.1867662382765625
        ],
        [
          0.006131419113292021,
          0.9919798133511184,
          -0.12624759628037102,
          -0.5818888664259415
        ],
        [
          0.0,
          0.0,
          0.0,
          1.0
        ]
      ]
    },
    {
      "file_path": "./images/0031.png",
      "sharpness": 37.13482339792502,
      "transform_matrix": [
        [
          -0.8418670232102411,
          0.0908971086280342,
          0.5319752163750837,
          2.1546743135280733
        ],
        [
          0.5340392457680221,
          -0.0018970691159667045,
          0.8454575596138452,
          3.557723478999589
        ],
        [
          0.07785884139005729,
          0.9958584822829332,
          -0.04694554340472645,
          -0.19548639338347956
        ],
        [
          0.0,
          0.0,
          0.0,
          1.0
        ]
      ]
    },
    {
      "file_path": "./images/0029.png",
      "sharpness": 53.64771292524355,
      "transform_matrix": [
        [
          -0.2577249048684552,
          0.11127726047708145,
          0.9597891667831995,
          3.275544870167285
        ],
        [
          0.9644352318707451,
          -0.030693788811913494,
          0.2625310931198419,
          0.9600875380803173
        ],
        [
          0.058673306821635525,
          0.9933152886129072,
          -0.09940915670855252,
          -0.34445214914197264
        ],
        [
          0.0,
          0.0,
          0.0,
          1.0
        ]
      ]
    },
    {
      "file_path": "./images/0028.png",
      "sharpness": 44.25699296112385,
      "transform_matrix": [
        [
          0.0847910574049071,
          0.11292294651237504,
          0.9899792344783035,
          3.5932087195705464
        ],
        [
          0.9956534683516073,
          -0.04802351781768012,
          -0.07979920235025485,
          -0.24601008865953947
        ],
        [
          0.03853112434737411,
          0.9924425171517384,
          -0.11650408820759382,
          -0.4300920377858475
        ],
        [
          0.0,
          0.0,
          0.0,
          1.0
        ]
      ]
    },
    {
      "file_path": "./images/0033.png",
      "sharpness": 44.879165827029,
      "transform_matrix": [
        [
          -0.9472379783048621,
          0.07971726400463278,
          0.3104599333886096,
          1.3663411916067103
        ],
        [
          0.31175979120259356,
          0.004096355302672281,
          0.9501521206956582,
          4.398011629634852
        ],
        [
          0.07447177325565384,
          0.9968090978998368,
          -0.0287328608966481,
          -0.13540248523686516
        ],
        [
          0.0,
          0.0,
          0.0,
          1.0
        ]
      ]
    },
    {
      "file_path": "./images/0034.png",
      "sharpness": 39.75933566945084,
      "transform_matrix": [
        [
          -0.7570000314932045,
          0.0955250209809468,
          0.6463945564815688,
          2.5641002758460143
        ],
        [
          0.6488883669428593,
          -0.0063381662344237505,
          0.7608572237252672,
          3.1328737761205447
        ],
        [
          0.07677785841186795,
          0.9954068504779383,
          -0.05718708282744103,
          -0.23154196260123203
        ],
        [
          0.0,
          0.0,
          0.0,
          1.0
        ]
      ]
    },
    {
      "file_path": "./images/0035.png",
      "sharpness": 42.562879009612715,
      "transform_matrix": [
        [
          -0.606924729836153,
          0.10230641207811147,
          0.7881470486680411,
          2.8728603414119496
        ],
        [
          0.7913276852661644,
          -0.014265698920262198,
          0.6112258047281037,
          2.32017451604499
        ],
        [
          0.07377578755248024,
          0.9946506360753293,
          -0.07229969079455435,
          -0.2678110290673168
        ],
        [
          0.0,
          0.0,
          0.0,
          1.0
        ]
      ]
    },
    {
      "file_path": "./images/0032.png",
      "sharpness": 51.19678965257992,
      "transform_matrix": [
        [
          -0.9705274271768349,
          0.0754636687430168,
          0.2288705917335912,
          0.977243898000108
        ],
        [
          0.2299013964492752,
          0.005150595219757987,
          0.9732002976157903,
          4.431414941205989
        ],
        [
          0.07226244510415719,
          0.9971352496185076,
          -0.022347996752266137,
          -0.10438696787243673
        ],
        [
          0.0,
          0.0,
          0.0,
          1.0
        ]
      ]
    },
    {
      "file_path": "./images/0036.png",
      "sharpness": 38.03596677094909,
      "transform_matrix": [
        [
          -0.577437968226811,
          0.1033223326310916,
          0.8098702910916596,
          2.883671342791937
        ],
        [
          0.8132733976217461,
          -0.014413323766750367,
          0.58170322056757,
          2.162322291131514
        ],
        [
          0.07177585636263621,
          0.994543489064557,
          -0.07570650411782463,
          -0.274755257585202
        ],
        [
          0.0,
          0.0,
          0.0,
          1.0
        ]
      ]
    },
    {
      "file_path": "./images/0037.png",
      "sharpness": 53.07478831992898,
      "transform_matrix": [
        [
          -0.2393562901776668,
          0.11103192876819958,
          0.9645623241188331,
          3.2947284454043495
        ],
        [
          0.9692377631370929,
          -0.03133489776556267,
          0.2441234988503438,
          0.898471397124803
        ],
        [
          0.05732996474977221,
          0.9933227244652635,
          -0.10011613339382533,
          -0.34694687131140317
        ],
        [
          0.0,
          0.0,
          0.0,
          1.0
        ]
      ]
    },
    {
      "file_path": "./images/0039.png",
      "sharpness": 34.04259951868986,
      "transform_matrix": [
        [
          0.7931228555087781,
          0.09432399388940843,
          0.6017134868103584,
          2.633359692097161
        ],
        [
          0.6085370651229078,
          -0.08172731452965877,
          -0.7893055722793771,
          -3.4789846729486267
        ],
        [
          -0.025274026583268192,
          0.9921812486636573,
          -0.12221944748495878,
          -0.5484079851642748
        ],
        [
          0.0,
          0.0,
          0.0,
          1.0
        ]
      ]
    },
    {
      "file_path": "./images/0038.png",
      "sharpness": 59.03700970419427,
      "transform_matrix": [
        [
          0.3789642987761295,
          0.10882528118109096,
          0.9189902711085138,
          3.656247407208409
        ],
        [
          0.9252726271043294,
          -0.061748876818605546,
          -0.3742427577696066,
          -1.4620537744976023
        ],
        [
          0.016019543703912155,
          0.9921411867020984,
          -0.12409367361757191,
          -0.5014127059221465
        ],
        [
          0.0,
          0.0,
          0.0,
          1.0
        ]
      ]
    },
    {
      "file_path": "./images/0040.png",
      "sharpness": 32.66017798461176,
      "transform_matrix": [
        [
          0.941518403189303,
          0.07966229375890585,
          0.3274095529639621,
          1.4327814090828257
        ],
        [
          0.3339001602034123,
          -0.08988595010915737,
          -0.9383129536508685,
          -4.232098885145778
        ],
        [
          -0.04531864340854194,
          0.9927610159999991,
          -0.1112285288641972,
          -0.5111668284973948
        ],
        [
          0.0,
          0.0,
          0.0,
          1.0
        ]
      ]
    },
    {
      "file_path": "./images/0041.png",
      "sharpness": 48.99138297526828,
      "transform_matrix": [
        [
          0.9694079007817675,
          0.07591745269710783,
          0.23341992682929993,
          1.0087396794945598
        ],
        [
          0.240010792648187,
          -0.09399635968896247,
          -0.9662088303143991,
          -4.380996472087722
        ],
        [
          -0.05141148977010313,
          0.9926737755700711,
          -0.1093418217248692,
          -0.5045903649257111
        ],
        [
          0.0,
          0.0,
          0.0,
          1.0
        ]
      ]
    },
    {
      "file_path": "./images/0043.png",
      "sharpness": 46.62368114190083,
      "transform_matrix": [
        [
          0.9669686112142041,
          0.07660965470771551,
          0.24311039816339497,
          1.0576318415116306
        ],
        [
          0.24939466362671375,
          -0.08727795500800072,
          -0.964460916950006,
          -4.378617852758631
        ],
        [
          -0.05266883943374477,
          0.9932338694076418,
          -0.1035010820100917,
          -0.47788109476915763
        ],
        [
          0.0,
          0.0,
          0.0,
          1.0
        ]
      ]
    },
    {
      "file_path": "./images/0044.png",
      "sharpness": 26.19326805133785,
      "transform_matrix": [
        [
          0.8750346443191587,
          0.040170481822343354,
          0.48239061308708203,
          2.1526237484398485
        ],
        [
          0.482861108813492,
          -0.0023327700511176315,
          -0.8756938436344068,
          -3.97170913750573
        ],
        [
          -0.03405173725250413,
          0.999190117313559,
          -0.021438018006267087,
          -0.10142035956279773
        ],
        [
          0.0,
          0.0,
          0.0,
          1.0
        ]
      ]
    },
    {
      "file_path": "./images/0045.png",
      "sharpness": 31.290356425523598,
      "transform_matrix": [
        [
          0.7301968299714379,
          -0.0743162771784429,
          0.6791830978529475,
          3.0593283641768307
        ],
        [
          0.6830428841459214,
          0.10308662650396698,
          -0.7230667782809278,
          -3.2735599006056386
        ],
        [
          -0.01627906322292492,
          0.9918922513790329,
          0.1260347321885976,
          0.5766644215258298
        ],
        [
          0.0,
          0.0,
          0.0,
          1.0
        ]
      ]
    },
    {
      "file_path": "./images/0046.png",
      "sharpness": 30.933848308392644,
      "transform_matrix": [
        [
          0.6410261807319746,
          -0.18370042843757262,
          0.7452111030917058,
          3.368495414345916
        ],
        [
          0.7674750233709678,
          0.16381158286529243,
          -0.6197966229504699,
          -2.8009463741740297
        ],
        [
          -0.008217305186080928,
          0.9692367708021272,
          0.24599300393218052,
          1.128828015621138
        ],
        [
          0.0,
          0.0,
          0.0,
          1.0
        ]
      ]
    },
    {
      "file_path": "./images/0048.png",
      "sharpness": 17.37414449096569,
      "transform_matrix": [
        [
          -0.08682144636484129,
          -0.570864703024262,
          0.8164407677567705,
          3.7140246507773544
        ],
        [
          0.995005716800827,
          -0.09020625331992269,
          0.042737049448477366,
          0.24496141847919542
        ],
        [
          0.04925098967544122,
          0.8160737237937259,
          0.5758454804133358,
          2.6538409090783492
        ],
        [
          0.0,
          0.0,
          0.0,
          1.0
        ]
      ]
    },
    {
      "file_path": "./images/0049.png",
      "sharpness": 16.174677875984084,
      "transform_matrix": [
        [
          -0.17375120804925265,
          -0.7420046277970005,
          0.647487181334416,
          2.9339354052509203
        ],
        [
          0.983254003877495,
          -0.16741399015612277,
          0.07200083165344696,
          0.3800647541843414
        ],
        [
          0.054973462310045164,
          0.6491545949867554,
          0.7586674042110031,
          3.491779709542611
        ],
        [
          0.0,
          0.0,
          0.0,
          1.0
        ]
      ]
    },
    {
      "file_path": "./images/0050.png",
      "sharpness": 14.624768633616448,
      "transform_matrix": [
        [
          -0.736875647656429,
          -0.5373118027957791,
          0.4102563910902485,
          1.8417887577720908
        ],
        [
          0.6721424813676335,
          -0.6472812625497172,
          0.35951557948566204,
          1.7174992950710364
        ],
        [
          0.07237931064737636,
          0.5406690241804036,
          0.8381158879564659,
          3.881270019712136
        ],
        [
          0.0,
          0.0,
          0.0,
          1.0
        ]
      ]
    },
    {
      "file_path": "./images/0052.png",
      "sharpness": 11.501076388649345,
      "transform_matrix": [
        [
          0.9626705625840323,
          -0.17572961982484925,
          0.20587493439824842,
          0.8603333515987988
        ],
        [
          0.25830854300781914,
          0.8237150259899307,
          -0.5047477118001551,
          -2.248006627545891
        ],
        [
          -0.08088315343642455,
          0.5390850180279005,
          0.8383586695389221,
          3.8078495519353317
        ],
        [
          0.0,
          0.0,
          0.0,
          1.0
        ]
      ]
    },
    {
      "file_path": "./images/0047.png",
      "sharpness": 27.98224187486485,
      "transform_matrix": [
        [
          0.48623946217695607,
          -0.3646731320562405,
          0.7940936293292393,
          3.5904398204448764
        ],
        [
          0.8737836415862303,
          0.19400650249091778,
          -0.4459412794163094,
          -2.00124898955223
        ],
        [
          0.008563475401427692,
          0.9107002710616189,
          0.4129790347467743,
          1.8932383266865473
        ],
        [
          0.0,
          0.0,
          0.0,
          1.0
        ]
      ]
    },
    {
      "file_path": "./images/0053.png",
      "sharpness": 11.951304802219925,
      "transform_matrix": [
        [
          0.8427579482636568,
          -0.4063009675630069,
          0.35309851933833286,
          1.5315101577253294
        ],
        [
          0.5357296881822058,
          0.6970166606114065,
          -0.4766145990527645,
          -2.120835986612795
        ],
        [
          -0.052466578066244225,
          0.5908361012729368,
          0.805083821463113,
          3.6552213235857742
        ],
        [
          0.0,
          0.0,
          0.0,
          1.0
        ]
      ]
    },
    {
      "file_path": "./images/0051.png",
      "sharpness": 14.32283048785882,
      "transform_matrix": [
        [
          -0.8202014889103949,
          -0.4641416963219847,
          0.33442787456737,
          1.503478640423571
        ],
        [
          0.5658097551339882,
          -0.7444461015750307,
          0.35448458759847695,
          1.696932795923277
        ],
        [
          0.0844324496717457,
          0.4799713403630021,
          0.8732117004687954,
          4.043425092343527
        ],
        [
          0.0,
          0.0,
          0.0,
          1.0
        ]
      ]
    },
    {
      "file_path": "./images/0054.png",
      "sharpness": 15.12162189997003,
      "transform_matrix": [
        [
          0.7036405410965504,
          -0.46660464122143047,
          0.5358825409351387,
          2.3715694119513864
        ],
        [
          0.7099211665770655,
          0.49352605907552516,
          -0.5024380223063805,
          -2.2415848947900567
        ],
        [
          -0.030032085420823883,
          0.7339701204920979,
          0.6785174544793416,
          3.094408124579029
        ],
        [
          0.0,
          0.0,
          0.0,
          1.0
        ]
      ]
    },
    {
      "file_path": "./images/0055.png",
      "sharpness": 22.029252002235147,
      "transform_matrix": [
        [
          0.46882028267807496,
          -0.4782631970808447,
          0.7426115113777766,
          3.3167745643880044
        ],
        [
          0.8832881732476002,
          0.2509025460921501,
          -0.39604282011583225,
          -1.7593183295727508
        ],
        [
          0.0030895863674879286,
          0.8416128721968422,
          0.5400724282646666,
          2.4647308706096274
        ],
        [
          0.0,
          0.0,
          0.0,
          1.0
        ]
      ]
    },
    {
      "file_path": "./images/0056.png",
      "sharpness": 41.529694543198914,
      "transform_matrix": [
        [
          0.22061657658942746,
          -0.40404509837030883,
          0.8877363823681079,
          3.970415526431619
        ],
        [
          0.9748617476012055,
          0.06223778333815569,
          -0.21394165416997213,
          -0.925490418840046
        ],
        [
          0.031191332077388535,
          0.912619316457404,
          0.40761879740155865,
          1.8528326734840295
        ],
        [
          0.0,
          0.0,
          0.0,
          1.0
        ]
      ]
    },
    {
      "file_path": "./images/0057.png",
      "sharpness": 33.34996025281665,
      "transform_matrix": [
        [
          0.5276002220861328,
          0.3502026332664733,
          -0.7739483970336902,
          -1.9869070537372142
        ],
        [
          -0.8468627961795265,
          0.14519376959955135,
          -0.511607441029129,
          -1.221570994569839
        ],
        [
          -0.06679378780627135,
          0.9253523031184994,
          0.37317784632372497,
          0.9338733649367578
        ],
        [
          0.0,
          0.0,
          0.0,
          1.0
        ]
      ]
    },
    {
      "file_path": "./images/0060.png",
      "sharpness": 30.133237947438296,
      "transform_matrix": [
        [
          0.9778559789767721,
          -0.0004368078431473057,
          0.2092785071177004,
          0.6786897565402071
        ],
        [
          0.20316206177712642,
          0.2419862478088562,
          -0.9487717494349022,
          -3.309306411726208
        ],
        [
          -0.05022808974294158,
          0.9702795808608423,
          0.23671644203205908,
          0.8379326741396725
        ],
        [
          0.0,
          0.0,
          0.0,
          1.0
        ]
      ]
    },
    {
      "file_path": "./images/0061.png",
      "sharpness": 29.322240118346386,
      "transform_matrix": [
        [
          0.8587514529336422,
          -0.06368766557330077,
          0.50841894467192,
          2.169120831273193
        ],
        [
          0.5112035721436328,
          0.17404211486079685,
          -0.841653283770864,
          -3.644401767464848
        ],
        [
          -0.034883375500526254,
          0.9826765609663818,
          0.18201628115091345,
          0.7983735045700101
        ],
        [
          0.0,
          0.0,
          0.0,
          1.0
        ]
      ]
    },
    {
      "file_path": "./images/0059.png",
      "sharpness": 30.622056951156175,
      "transform_matrix": [
        [
          0.8177480857753248,
          0.12384735414106315,
          -0.5620942101162191,
          -1.385364517304089
        ],
        [
          -0.5685440992884946,
          0.02161648877341726,
          -0.8223687339492242,
          -1.8793340985883045
        ],
        [
          -0.08969768864536724,
          0.9920658043942597,
          0.08808952472503975,
          0.21304847344351116
        ],
        [
          0.0,
          0.0,
          0.0,
          1.0
        ]
      ]
    },
    {
      "file_path": "./images/0058.png",
      "sharpness": 50.31236695877383,
      "transform_matrix": [
        [
          0.5599241167255522,
          0.3360198209326976,
          -0.7573477823382037,
          -1.9470434100136575
        ],
        [
          -0.8263701660285386,
          0.1603150656928019,
          -0.5398253684385214,
          -1.2987323432541549
        ],
        [
          -0.05997776415979262,
          0.9281108552411516,
          0.36744102676887425,
          0.9224791125930153
        ],
        [
          0.0,
          0.0,
          0.0,
          1.0
        ]
      ]
    },
    {
      "file_path": "./images/0062.png",
      "sharpness": 32.82125290557292,
      "transform_matrix": [
        [
          0.6050847634603945,
          -0.012418839458612036,
          0.7960641942819098,
          3.5609910219998886
        ],
        [
          0.7961472034922887,
          0.015336709195676364,
          -0.6049086011310822,
          -2.700392171162371
        ],
        [
          -0.004696742244211589,
          0.9998052599084436,
          0.019167233361520285,
          0.08536514489706902
        ],
        [
          0.0,
          0.0,
          0.0,
          1.0
        ]
      ]
    },
    {
      "file_path": "./images/0065.png",
      "sharpness": 91.94282627375856,
      "transform_matrix": [
        [
          0.07491753459224078,
          0.17660000785859395,
          0.9814274299193455,
          3.6437765386686554
        ],
        [
          0.9964198153327122,
          -0.05192485571518683,
          -0.06671852045113101,
          -0.2030968987004682
        ],
        [
          0.03917798645750515,
          0.9829121255465334,
          -0.17985782939245543,
          -0.6787312942171608
        ],
        [
          0.0,
          0.0,
          0.0,
          1.0
        ]
      ]
    },
    {
      "file_path": "./images/0063.png",
      "sharpness": 54.59093665348989,
      "transform_matrix": [
        [
          0.3628488072779881,
          0.16872789758440487,
          0.9164451099748501,
          3.838508196617485
        ],
        [
          0.9317015701692054,
          -0.08312570923588347,
          -0.3535849270093053,
          -1.4546381856538513
        ],
        [
          0.016520508390601263,
          0.9821512169742589,
          -0.18736611156111613,
          -0.7973364903261028
        ],
        [
          0.0,
          0.0,
          0.0,
          1.0
        ]
      ]
    },
    {
      "file_path": "./images/0064.png",
      "sharpness": 47.96779700236061,
      "transform_matrix": [
        [
          0.08003784486017573,
          0.17713394805770893,
          0.9809268615950703,
          3.639822647883882
        ],
        [
          0.9960464645032148,
          -0.05226174757042283,
          -0.07183418609157102,
          -0.22246124862522307
        ],
        [
          0.03854067903781652,
          0.9827981858700583,
          -0.18061656035054036,
          -0.6818589235279907
        ],
        [
          0.0,
          0.0,
          0.0,
          1.0
        ]
      ]
    }
  ]
}
